7.387061e-08  -5.553615e-09  5.024120e-08  -4.573350e-09  8.560241e-08  -3.580221e-11
8.531750e-08  -1.017339e-08  5.943283e-08  -7.841882e-09  7.614253e-09  -8.065985e-11
8.659649e-08  -1.199325e-08  6.047878e-08  -9.103203e-09  2.043840e-09  1.184096e-11
8.567844e-08  -1.090877e-08  5.996198e-08  -8.291392e-09  -3.047605e-08  3.382351e-09
8.250758e-08  -9.380074e-09  5.783779e-08  -7.131924e-09  -3.576779e-08  3.508428e-09
6.009765e-08  -7.141550e-09  4.200541e-08  -5.472335e-09  -3.841711e-07  3.556201e-08
1.883210e-08  -4.247740e-09  1.276995e-08  -3.359802e-09  -3.863368e-07  3.563437e-08
-1.921493e-09  -2.284005e-09  -1.917128e-09  -1.850128e-09  -3.332705e-09  3.528094e-10
-2.108962e-09  -1.242097e-09  -2.003487e-09  -9.485843e-10  -3.215563e-09  3.984104e-10
-2.120570e-09  -3.864750e-10  -1.965329e-09  -2.000607e-10  -5.740354e-11  1.029226e-11
-1.903397e-09  -1.959036e-10  -1.782220e-09  -5.532945e-11  -1.198015e-09  3.693131e-10
9.106815e-09  -4.833621e-09  1.618251e-07  -3.115245e-09  2.822478e-07  -3.902099e-10
3.713284e-08  -7.345275e-09  2.268435e-07  -1.594847e-08  2.544225e-08  -2.960731e-10
3.984978e-08  -8.233484e-09  2.324295e-07  -2.165578e-08  7.355164e-09  -8.151982e-11
3.771139e-08  -7.411978e-09  2.213770e-07  -1.949863e-08  -5.707298e-08  4.654728e-09
3.313585e-08  -6.181251e-09  2.009152e-07  -1.623393e-08  -6.028849e-08  4.493791e-09
2.225856e-08  -4.827884e-09  1.420535e-07  -1.192848e-08  -5.870385e-07  4.269786e-08
5.275296e-09  -3.410168e-09  4.489546e-08  -6.591635e-09  -5.824156e-07  4.244185e-08
-2.585184e-09  -2.180114e-09  -1.949811e-09  -3.310971e-09  -4.925953e-09  4.259450e-10
-2.515797e-09  -1.119813e-09  -2.460895e-09  -1.870257e-09  -4.647225e-09  4.871988e-10
-2.386033e-09  -2.284702e-10  -2.612215e-09  -7.149665e-10  -8.243584e-11  1.317666e-11
-2.160594e-09  -5.937600e-11  -2.320487e-09  -4.153713e-10  -1.296114e-09  3.739476e-10
-1.472606e-07  -8.930740e-09  1.350202e-08  8.262599e-10  2.939541e-07  -7.061234e-10
-1.759904e-07  9.070720e-10  8.790284e-08  -6.257437e-09  2.823828e-08  -4.375493e-10
-1.787062e-07  6.002188e-09  9.669066e-08  -9.802076e-09  9.748286e-09  -2.211274e-10
-1.730488e-07  5.720465e-09  9.749068e-08  -9.576542e-09  -1.926884e-08  2.841604e-09
-1.617668e-07  4.948683e-09  9.343800e-08  -8.479434e-09  -3.274453e-08  3.158182e-09
-1.177221e-07  3.064143e-09  6.728177e-08  -6.524450e-09  -3.819829e-07  3.248203e-08
-4.131585e-08  1.304734e-12  2.087365e-08  -3.871280e-09  -3.851512e-07  3.253636e-08
-3.474038e-09  -1.084851e-09  -1.994987e-09  -2.062380e-09  -3.304099e-09  3.237000e-10
-2.712508e-09  -3.783016e-10  -2.177026e-09  -1.076934e-09  -3.161621e-09  3.669890e-10
-2.244967e-09  2.733879e-10  -2.175289e-09  -2.514391e-10  -5.629057e-11  9.644393e-12
-2.077979e-09  3.140613e-10  -1.970557e-09  -9.106559e-11  -1.030424e-09  3.224436e-10
-5.495788e-08  -5.147567e-09  -3.573073e-08  2.943926e-09  8.801469e-08  -1.604263e-10
-6.724771e-08  -5.662898e-10  -2.559236e-08  3.124521e-09  8.164194e-09  -1.235325e-10
-6.862955e-08  1.941614e-09  -2.428208e-08  2.869274e-09  2.915544e-09  -5.473982e-11
-6.879017e-08  2.273637e-09  -2.219497e-08  2.101663e-09  9.807199e-11  1.427668e-09
-6.747640e-08  2.327214e-09  -1.953326e-08  1.487440e-09  -6.492638e-09  1.664352e-09
-5.070001e-08  1.542745e-09  -1.409442e-08  9.339517e-10  -1.018682e-07  1.795089e-08
-1.891095e-08  -4.956432e-11  -5.532828e-09  3.851617e-10  -1.054298e-07  1.808763e-08
-2.556896e-09  -5.503282e-10  -1.373879e-09  2.339396e-10  -9.368902e-10  1.707802e-10
-2.098798e-09  -8.340863e-13  -1.167821e-09  4.065102e-10  -9.318136e-10  1.837210e-10
-1.781176e-09  4.928757e-10  -9.949148e-10  5.877735e-10  -1.676464e-11  4.256759e-12
-1.689659e-09  4.935833e-10  -9.837962e-10  5.176743e-10  -6.181314e-10  2.460356e-10
1.048046e-07  -5.640429e-09  2.925077e-08  -3.875926e-09  1.245206e-07  -1.266448e-10
1.264169e-07  -1.261053e-08  4.090275e-08  -6.304682e-09  1.128177e-08  -1.379141e-10
1.288023e-07  -1.549881e-08  4.224909e-08  -7.232934e-09  3.268675e-09  -2.000786e-11
1.268523e-07  -1.409498e-08  4.194165e-08  -6.611572e-09  -3.427391e-08  3.571895e-09
1.211629e-07  -1.206468e-08  4.024643e-08  -5.674171e-09  -4.074825e-08  3.705131e-09
8.801065e-08  -9.095599e-09  2.888198e-08  -4.416353e-09  -4.366292e-07  3.739574e-08
2.804211e-08  -5.255055e-09  8.194808e-09  -2.889655e-09  -4.386233e-07  3.744464e-08
-1.931898e-09  -2.751026e-09  -2.089280e-09  -1.687720e-09  -3.771676e-09  3.732966e-10
-2.254025e-09  -1.539094e-09  -2.090959e-09  -8.223655e-10  -3.624474e-09  4.242728e-10
-2.328164e-09  -5.539839e-10  -2.006442e-09  -9.438055e-11  -6.462447e-11  1.113408e-11
-2.076366e-09  -3.140087e-10  -1.831598e-09  2.895247e-11  -1.228952e-09  3.701935e-10
1.025312e-07  -4.115007e-09  2.893198e-07  2.448624e-09  6.768873e-07  3.778085e-10
1.911418e-07  -1.428550e-08  4.193198e-07  -1.950368e-08  4.337769e-08  1.648404e-10
1.855509e-07  -1.827480e-08  4.065712e-07  -2.920001e-08  2.987218e-09  4.645545e-10
1.534823e-07  -1.548926e-08  3.455676e-07  -2.496883e-08  -1.681089e-07  9.031988e-09
1.136949e-07  -1.185884e-08  2.693175e-07  -1.914955e-08  -1.198418e-07  6.682042e-09
7.157151e-08  -8.597032e-09  1.763603e-07  -1.346793e-08  -8.345912e-07  5.110574e-08
1.930502e-08  -5.423284e-09  5.246743e-08  -7.337285e-09  -7.945971e-07  4.957344e-08
-2.855671e-09  -3.250030e-09  -2.286128e-09  -3.746650e-09  -6.490158e-09  4.932583e-10
-2.921833e-09  -1.787876e-09  -2.778808e-09  -2.109723e-09  -5.913157e-09  5.610148e-10
-2.843466e-09  -5.988463e-10  -2.897209e-09  -8.083497e-10  -1.039337e-10  1.556624e-11
-2.534978e-09  -3.129157e-10  -2.567134e-09  -4.638453e-10  -1.364481e-09  3.792436e-10
-2.218128e-07  -2.613167e-08  -1.879340e-07  2.669269e-09  8.122145e-07  -1.906129e-09
-3.538256e-07  -5.072110e-09  7.431799e-08  -6.414770e-09  7.676933e-08  -1.017367e-09
-3.593358e-07  6.729295e-09  9.961480e-08  -1.093880e-08  2.460958e-08  -5.023174e-10
-3.314352e-07  7.125418e-09  9.698032e-08  -1.059457e-08  -3.467370e-08  3.767572e-09
-2.891506e-07  6.077064e-09  8.388308e-08  -8.963202e-09  -4.814311e-08  3.792916e-09
-2.027496e-07  3.498072e-09  5.640039e-08  -6.841961e-09  -4.801312e-07  3.567194e-08
-6.834730e-08  -8.803366e-10  1.584494e-08  -4.397994e-09  -4.745105e-07  3.534984e-08
-4.569459e-09  -2.296892e-09  -2.581632e-09  -2.623032e-09  -3.982889e-09  3.512605e-10
-3.485008e-09  -1.150255e-09  -2.640528e-09  -1.413404e-09  -3.725040e-09  3.980667e-10
-2.871059e-09  -1.522910e-10  -2.566433e-09  -4.054860e-10  -6.591731e-11  1.068106e-11
-2.591177e-09  1.822001e-11  -2.305719e-09  -1.887043e-10  -1.048502e-09  3.208213e-10
-4.125358e-08  -9.755604e-09  -6.554673e-08  2.351977e-09  1.297521e-07  -3.358805e-10
-6.516712e-08  -4.460050e-09  -5.238008e-08  3.761758e-09  1.239867e-08  -2.131546e-10
-6.813661e-08  -1.259824e-09  -5.055274e-08  4.066373e-09  4.711666e-09  -1.215212e-10
-7.020975e-08  -2.542451e-10  -4.704008e-08  3.111639e-09  9.363134e-09  1.028920e-09
-7.085071e-08  4.039393e-10  -4.229820e-08  2.282781e-09  -1.272938e-09  1.421495e-09
-5.398676e-08  6.253709e-11  -3.053728e-08  1.394728e-09  -7.328612e-08  1.643156e-08
-2.057687e-08  -1.220544e-09  -1.124031e-08  3.652349e-10  -7.918374e-08  1.665397e-08
-3.146105e-09  -1.419489e-09  -1.801431e-09  3.254078e-11  -7.300458e-10  1.567917e-10
-2.654803e-09  -5.543254e-10  -1.504490e-09  2.906604e-10  -7.508321e-10  1.680784e-10
-2.312186e-09  1.957307e-10  -1.279600e-09  5.562935e-10  -1.361905e-11  3.812864e-12
-2.137811e-09  2.797311e-10  -1.239359e-09  4.962025e-10  -5.800960e-10  2.367895e-10
1.000713e-08  5.874750e-10  -9.288577e-08  -3.164332e-09  1.273108e-07  -2.382372e-10
3.313411e-08  -2.544086e-09  -1.048074e-07  2.739911e-09  1.187745e-08  -1.780424e-10
3.600049e-08  -4.199506e-09  -1.060925e-07  5.634203e-09  4.038271e-09  -7.414833e-11
3.787054e-08  -4.371772e-09  -1.046829e-07  5.307653e-09  -1.100082e-08  2.215641e-09
3.861825e-08  -4.107732e-09  -1.006816e-07  4.689006e-09  -1.969475e-08  2.487192e-09
2.859138e-08  -3.284519e-09  -7.457895e-08  3.179825e-09  -2.428462e-07  2.621485e-08
8.606990e-09  -2.000165e-09  -2.680503e-08  7.810328e-10  -2.469222e-07  2.635628e-08
-1.644050e-09  -1.030765e-09  -2.602528e-09  -1.747783e-10  -2.149473e-09  2.578273e-10
-1.667555e-09  -4.260680e-10  -2.031022e-09  2.222564e-10  -2.091865e-09  2.876357e-10
-1.601321e-09  9.669020e-11  -1.658727e-09  6.091151e-10  -3.742158e-11  7.229431e-12
-1.484126e-09  1.532412e-10  -1.587990e-09  5.636637e-10  -8.828955e-10  2.990447e-10
-3.747227e-07  -3.894362e-09  5.672179e-08  -3.291043e-08  8.934108e-07  -3.276491e-09
-1.538600e-07  -1.196587e-09  -2.456269e-07  -1.261561e-08  9.680430e-08  -1.726691e-09
-1.214055e-07  -1.358713e-11  -2.810737e-07  -1.501848e-10  3.758300e-08  -1.082440e-09
-9.510498e-08  -1.115001e-09  -2.811479e-07  2.590095e-09  4.538739e-08  6.089234e-10
-7.173949e-08  -1.672493e-09  -2.639746e-07  3.436088e-09  -5.123875e-09  2.059441e-09
-4.838840e-08  -1.971062e-09  -1.905775e-07  1.908650e-09  -2.674552e-07  2.641167e-08
-1.731748e-08  -2.483993e-09  -6.580278e-08  -1.832144e-09  -2.824586e-07  2.681568e-08
-3.151176e-09  -2.126413e-09  -4.850885e-09  -2.895799e-09  -2.478528e-09  2.660619e-10
-2.783553e-09  -1.091557e-09  -3.762855e-09  -1.507320e-09  -2.412169e-09  3.002978e-10
-2.512691e-09  -1.959825e-10  -3.139823e-09  -3.355796e-10  -4.310748e-11  7.749960e-12
-2.273564e-09  -3.777462e-11  -2.813900e-09  -9.911289e-11  -8.589150e-10  2.857679e-10
2.554411e-07  -2.635232e-08  5.339756e-07  -3.313107e-08  1.028738e-06  -5.560428e-09
-8.823719e-09  -1.816102e-08  9.937496e-08  -2.570451e-08  1.301959e-07  -2.908899e-09
-5.237942e-08  -1.153192e-08  2.588273e-08  -1.841140e-08  5.920536e-08  -2.049312e-09
-8.284792e-08  -7.248839e-09  -3.256072e-08  -1.178416e-08  1.788226e-07  -4.655493e-09
-1.037162e-07  -4.109284e-09  -7.854022e-08  -6.750261e-09  6.657485e-08  -8.296850e-10
-8.278967e-08  -3.127899e-09  -7.061757e-08  -4.717320e-09  8.700485e-08  1.097787e-08
-3.172481e-08  -3.819627e-09  -2.918029e-08  -4.771434e-09  3.762810e-08  1.259208e-08
-4.273955e-09  -3.420509e-09  -4.555381e-09  -4.019416e-09  2.874057e-11  1.240641e-10
-3.623288e-09  -1.846574e-09  -3.901136e-09  -2.203639e-09  -2.240512e-10  1.373496e-10
-3.201835e-09  -5.551548e-10  -3.470599e-09  -7.384434e-10  -5.091066e-12  2.864785e-12
-2.852591e-09  -2.569210e-10  -3.075314e-09  -3.742539e-10  -5.429361e-10  2.273456e-10
5.354391e-08  -1.598351e-08  1.911723e-09  -9.392235e-09  1.325423e-07  -4.474729e-10
2.811570e-08  -1.452649e-08  -1.152458e-08  -7.326529e-09  1.299435e-08  -2.532829e-10
2.466522e-08  -1.255913e-08  -1.329069e-08  -5.665104e-09  5.481262e-09  -1.756617e-10
1.877198e-08  -9.977455e-09  -1.570118e-08  -4.415558e-09  3.263622e-08  -3.273335e-10
1.169392e-08  -7.553013e-09  -1.813702e-08  -3.267947e-09  1.978056e-08  2.035564e-10
5.432501e-09  -5.748543e-09  -1.515969e-08  -2.631256e-09  1.204968e-07  5.250664e-09
-1.141758e-09  -4.475434e-09  -7.369918e-09  -2.473857e-09  1.125174e-07  5.565605e-09
-3.433954e-09  -3.139749e-09  -2.890376e-09  -1.895039e-09  8.921569e-10  4.132242e-11
-3.241272e-09  -1.667351e-09  -2.617491e-09  -8.907695e-10  7.817768e-10  3.144134e-11
-3.039028e-09  -4.549433e-10  -2.385570e-09  -4.155893e-11  1.358385e-11  -9.178292e-14
-2.730050e-09  -1.875188e-10  -2.180230e-09  9.641375e-11  -2.340395e-10  1.656407e-10
-1.210132e-08  1.963661e-09  -7.001598e-08  -2.745056e-09  8.753223e-08  -1.355015e-10
2.923173e-10  7.930107e-10  -7.962438e-08  2.037081e-09  8.054205e-09  -1.149579e-10
1.835623e-09  -2.077150e-11  -8.065423e-08  4.439182e-09  2.741203e-09  -4.142367e-11
3.521500e-09  -5.157098e-10  -8.004432e-08  4.333140e-09  -6.016752e-09  1.818605e-09
5.136528e-09  -7.607097e-10  -7.762359e-08  3.957779e-09  -1.234767e-08  2.033167e-09
3.997828e-09  -7.352633e-10  -5.785269e-08  2.756359e-09  -1.583288e-07  2.147311e-08
5.293250e-10  -5.027765e-10  -2.108505e-08  7.477314e-10  -1.616112e-07  2.159698e-08
-1.378245e-09  -1.999363e-10  -2.316800e-09  -4.637385e-11  -1.416053e-09  2.071860e-10
-1.273296e-09  1.129970e-10  -1.828222e-09  3.154453e-10  -1.388563e-09  2.266589e-10
-1.150156e-09  4.013592e-10  -1.499731e-09  6.609867e-10  -2.489242e-11  5.463859e-12
-1.104973e-09  3.771002e-10  -1.451545e-09  6.108609e-10  -7.341081e-10  2.706911e-10
-1.392163e-07  -8.921157e-10  -5.804330e-09  -1.846644e-08  3.103428e-07  -1.148402e-09
-1.018078e-07  2.345763e-09  -9.013542e-08  -9.710295e-09  3.215271e-08  -6.356159e-10
-9.588908e-08  3.620225e-09  -1.020704e-07  -4.085365e-09  1.309866e-08  -4.165781e-10
-8.617496e-08  2.510109e-09  -1.110064e-07  -1.871687e-09  3.365695e-08  3.032311e-10
-7.434138e-08  1.573249e-09  -1.163830e-07  -3.783911e-10  5.817021e-09  1.288329e-09
-5.251313e-08  5.761435e-10  -8.921983e-08  -5.532521e-10  -9.490505e-08  1.817987e-08
-1.874652e-08  -6.898124e-10  -3.329276e-08  -2.212599e-09  -1.089810e-07  1.866867e-08
-2.630361e-09  -9.315232e-10  -4.019812e-09  -2.430367e-09  -1.033504e-09  1.805570e-10
-2.231928e-09  -3.264900e-10  -3.330418e-09  -1.201282e-09  -1.081775e-09  1.986953e-10
-1.949107e-09  2.350571e-10  -2.885354e-09  -1.594453e-10  -1.968719e-11  4.699218e-12
-1.810664e-09  2.649297e-10  -2.612113e-09  2.685029e-11  -6.584565e-10  2.503380e-10
1.062501e-09  -1.287224e-08  1.425188e-07  -2.240794e-08  3.220491e-07  -1.464316e-09
-3.704977e-08  -8.783966e-09  4.880525e-08  -1.940133e-08  3.494873e-08  -7.770922e-10
-4.296733e-08  -5.851521e-09  3.366843e-08  -1.593907e-08  1.549178e-08  -5.561858e-10
-4.916241e-08  -4.201622e-09  1.287993e-08  -1.179377e-08  7.146110e-08  -1.509893e-09
-5.428958e-08  -2.805816e-09  -8.905815e-09  -8.132890e-09  3.336098e-08  -4.728107e-11
-4.295044e-08  -2.339885e-09  -1.444813e-08  -5.957280e-09  1.101506e-07  7.964038e-09
-1.729404e-08  -2.719050e-09  -9.270948e-09  -4.932954e-09  8.828349e-08  8.763177e-09
-3.428861e-09  -2.333442e-09  -3.974635e-09  -3.678958e-09  5.883498e-10  7.831194e-11
-2.996377e-09  -1.171625e-09  -3.614287e-09  -1.994605e-09  4.038285e-10  7.848551e-11
-2.681893e-09  -1.901395e-10  -3.322280e-09  -6.229726e-10  6.458084e-12  1.166951e-12
-2.427909e-09  -1.024439e-11  -2.962043e-09  -2.974554e-10  -3.927658e-10  1.988340e-10
3.101405e-08  -1.266484e-08  1.595595e-08  -1.026233e-08  8.994451e-08  -2.601255e-10
1.777747e-08  -1.153269e-08  5.400807e-09  -8.929321e-09  8.604146e-09  -1.578306e-10
1.613131e-08  -1.003086e-08  4.106635e-09  -7.533294e-09  3.612908e-09  -1.080044e-10
1.336677e-08  -8.119418e-09  2.112632e-09  -6.059915e-09  2.455737e-08  -1.360779e-10
9.894656e-09  -6.292151e-09  -2.525358e-10  -4.661585e-09  1.692749e-08  1.890909e-10
5.399817e-09  -4.863541e-09  -1.752861e-09  -3.649928e-09  1.239741e-07  3.861981e-09
-6.081775e-10  -3.794527e-09  -2.782274e-09  -2.997232e-09  1.192958e-07  4.050246e-09
-3.100144e-09  -2.634396e-09  -2.860048e-09  -2.130442e-09  9.797614e-10  2.515688e-11
-2.934464e-09  -1.355929e-09  -2.663889e-09  -1.039649e-09  8.951865e-10  1.196947e-11
-2.751591e-09  -2.949585e-10  -2.470145e-09  -1.268474e-10  1.574648e-11  -5.716421e-13
-2.488083e-09  -7.942046e-11  -2.249969e-09  3.785710e-11  -1.542247e-10  1.474136e-10
