-9.031850e-08  7.404314e-09  1.270566e-07  -9.568228e-09  6.643408e-09  -1.812258e-09
-6.008088e-08  4.482265e-09  8.561869e-08  -6.091595e-09  6.253071e-09  -2.023365e-09
-2.441240e-09  -3.144075e-09  4.860572e-09  3.628885e-09  5.704843e-09  -2.040222e-09
2.663967e-08  -6.789139e-09  -3.517847e-08  8.208577e-09  5.058414e-09  -1.884200e-09
2.657004e-08  -6.092020e-09  -3.380200e-08  7.123569e-09  4.321608e-09  -1.728450e-09
2.588324e-08  -5.324948e-09  -3.184451e-08  5.992368e-09  3.542023e-09  -1.605631e-09
2.459652e-08  -4.498235e-09  -2.929096e-08  4.810358e-09  2.758710e-09  -1.522690e-09
2.321064e-08  -4.073100e-09  -2.695216e-08  4.133308e-09  1.996498e-09  -1.478145e-09
2.177631e-08  -3.793407e-09  -2.483121e-08  3.648767e-09  1.278356e-09  -1.453164e-09
1.096241e-08  -4.864170e-09  -1.278527e-08  5.459642e-09  6.717911e-10  -1.414447e-09
1.148528e-09  -4.778001e-09  -1.968043e-09  5.919690e-09  4.994714e-10  -1.212346e-09
-3.464353e-07  1.522061e-08  7.133053e-08  -7.198592e-09  -5.468552e-08  8.190992e-09
-2.475366e-07  1.164863e-08  4.407547e-08  -3.973815e-09  -5.017123e-08  9.551210e-09
-3.876331e-08  -4.162419e-09  -6.241709e-10  3.443970e-09  -4.326095e-08  9.472335e-09
6.379857e-08  -1.200745e-08  -2.491994e-08  6.993431e-09  -3.555127e-08  8.205918e-09
5.698223e-08  -9.824286e-09  -2.774036e-08  6.429518e-09  -2.803748e-08  7.059400e-09
5.027597e-08  -7.768284e-09  -2.871205e-08  5.684464e-09  -2.134945e-08  6.232082e-09
4.322483e-08  -5.751481e-09  -2.848936e-08  4.825136e-09  -1.567366e-08  5.727866e-09
3.778360e-08  -4.533616e-09  -2.751433e-08  4.400764e-09  -1.093774e-08  5.511261e-09
3.356373e-08  -3.621300e-09  -2.611519e-08  4.130346e-09  -7.005148e-09  5.467626e-09
1.772963e-08  -6.716125e-09  -1.319348e-08  5.427649e-09  -3.926731e-09  5.408479e-09
3.788165e-09  -7.958502e-09  -1.347717e-09  5.324541e-09  -2.772802e-09  4.459976e-09
-1.875707e-07  7.688163e-09  -2.554827e-07  1.122911e-09  -1.328077e-07  1.989241e-08
-1.343012e-07  5.751628e-09  -1.994018e-07  4.533122e-09  -1.218444e-07  2.319580e-08
-3.512685e-08  -2.117932e-09  -5.537682e-08  3.269485e-09  -1.050623e-07  2.300424e-08
1.899048e-08  -6.645389e-09  1.195091e-08  2.064741e-09  -8.633881e-08  1.992866e-08
2.387124e-08  -6.169930e-09  2.375031e-10  3.102496e-09  -6.809103e-08  1.714426e-08
2.597251e-08  -5.477361e-09  -8.032876e-09  3.662130e-09  -5.184867e-08  1.513506e-08
2.590648e-08  -4.631350e-09  -1.465468e-08  3.968506e-09  -3.806461e-08  1.391053e-08
2.510327e-08  -4.190539e-09  -1.812743e-08  4.353924e-09  -2.656308e-08  1.338449e-08
2.389789e-08  -3.899380e-09  -1.950186e-08  4.741685e-09  -1.701250e-08  1.327852e-08
1.211280e-08  -5.245247e-09  -9.053609e-09  4.199838e-09  -9.536349e-09  1.313488e-08
1.319842e-09  -5.300087e-09  1.110167e-09  2.669412e-09  -6.733947e-09  1.083137e-08
4.976286e-09  -1.818181e-09  -1.212063e-07  5.428062e-10  -5.979066e-08  1.631033e-08
1.621650e-09  -1.541175e-09  -9.263130e-08  2.472403e-09  -5.627764e-08  1.821029e-08
-1.271981e-08  -9.662998e-11  -3.218100e-08  2.590084e-09  -5.134358e-08  1.836201e-08
-1.611419e-08  -1.229698e-10  -3.232747e-09  2.346915e-09  -4.552572e-08  1.695780e-08
-9.340878e-09  -1.191835e-09  -6.370957e-09  2.933316e-09  -3.889448e-08  1.555605e-08
-3.822659e-09  -2.067265e-09  -9.364146e-09  3.390274e-09  -3.187819e-08  1.445068e-08
5.739291e-10  -2.821584e-09  -1.237479e-08  3.784940e-09  -2.482840e-08  1.370420e-08
3.533322e-09  -3.482552e-09  -1.413355e-08  4.269414e-09  -1.796849e-08  1.330330e-08
5.313204e-09  -4.075907e-09  -1.486106e-08  4.742053e-09  -1.150520e-08  1.307848e-08
1.456602e-09  -1.964027e-09  -6.438913e-09  3.130103e-09  -6.046120e-09  1.273002e-08
-2.505971e-09  3.002826e-10  1.658978e-09  8.506595e-10  -4.495243e-09  1.091112e-08
-6.741752e-08  6.092718e-09  1.898522e-07  -1.188206e-08  2.323383e-08  -5.279430e-09
-4.398657e-08  3.469994e-09  1.307571e-07  -8.057678e-09  2.178177e-08  -5.969268e-09
-1.422002e-09  -2.878370e-09  1.254305e-08  4.040978e-09  1.963720e-08  -5.997198e-09
2.097371e-08  -5.984861e-09  -4.569294e-08  9.788943e-09  1.710815e-08  -5.445524e-09
2.244952e-08  -5.563531e-09  -4.268492e-08  8.272459e-09  1.433782e-08  -4.910758e-09
2.303633e-08  -5.029447e-09  -3.915392e-08  6.752467e-09  1.154205e-08  -4.501313e-09
2.285142e-08  -4.413413e-09  -3.500561e-08  5.201569e-09  8.864430e-09  -4.236417e-09
2.220727e-08  -4.147145e-09  -3.150259e-08  4.275191e-09  6.372722e-09  -4.108892e-09
2.124042e-08  -4.001390e-09  -2.855881e-08  3.590235e-09  4.109949e-09  -4.058128e-09
1.052277e-08  -4.693998e-09  -1.493636e-08  6.063448e-09  2.238046e-09  -3.975264e-09
6.825995e-10  -4.273099e-09  -2.811301e-09  6.962896e-09  1.637627e-09  -3.361655e-09
-6.260494e-07  1.872771e-08  3.001370e-07  -1.333470e-08  -6.275900e-08  5.504614e-09
-4.547276e-07  1.630159e-08  2.048937e-07  -9.486934e-09  -5.444780e-08  6.694989e-09
-8.759547e-08  -3.743788e-09  2.548975e-08  4.584500e-09  -4.272643e-08  6.465917e-09
8.644183e-08  -1.412495e-08  -5.941603e-08  1.128893e-08  -3.153680e-08  5.213792e-09
7.269232e-08  -1.120522e-08  -5.462847e-08  9.416032e-09  -2.249231e-08  4.191295e-09
6.130846e-08  -8.639724e-09  -4.910675e-08  7.587523e-09  -1.573921e-08  3.511582e-09
5.099037e-08  -6.242801e-09  -4.353418e-08  5.787716e-09  -1.082321e-08  3.120244e-09
4.356689e-08  -4.812684e-09  -3.887448e-08  4.745709e-09  -7.216488e-09  2.957889e-09
3.811277e-08  -3.745295e-09  -3.499910e-08  3.983168e-09  -4.511631e-09  2.932075e-09
2.015881e-08  -7.206877e-09  -1.826584e-08  6.703668e-09  -2.529410e-09  2.918653e-09
4.471843e-09  -8.579103e-09  -3.363946e-09  7.514291e-09  -1.725192e-09  2.355043e-09
-2.371860e-07  8.851117e-09  -5.431984e-07  -1.530875e-09  -2.719557e-07  2.385333e-08
-1.652640e-07  6.583459e-09  -4.469710e-07  7.154771e-09  -2.359405e-07  2.901162e-08
-4.633910e-08  -2.561836e-09  -1.557441e-07  8.125591e-09  -1.851479e-07  2.801897e-08
2.132730e-08  -7.877468e-09  -1.002662e-08  5.740187e-09  -1.366595e-07  2.259310e-08
3.042837e-08  -7.262437e-09  -2.083064e-08  5.916289e-09  -9.746668e-08  1.816228e-08
3.335168e-08  -6.290480e-09  -2.590739e-08  5.548461e-09  -6.820326e-08  1.521686e-08
3.296864e-08  -5.125304e-09  -2.994377e-08  4.969201e-09  -4.690059e-08  1.352106e-08
3.142238e-08  -4.469229e-09  -3.082343e-08  4.737115e-09  -3.127146e-08  1.281752e-08
2.944269e-08  -4.001812e-09  -3.003897e-08  4.615756e-09  -1.955041e-08  1.270566e-08
1.517749e-08  -6.002610e-09  -1.506927e-08  5.778971e-09  -1.096078e-08  1.264750e-08
2.192364e-09  -6.392788e-09  -1.095628e-09  5.331371e-09  -7.475832e-09  1.020519e-08
3.797463e-08  -2.124891e-09  -1.372575e-07  -2.478586e-09  -7.633975e-08  1.734669e-08
2.645080e-08  -2.129829e-09  -1.090463e-07  1.104156e-09  -7.156868e-08  1.961331e-08
-8.396190e-09  -2.027743e-10  -4.819525e-08  4.075114e-09  -6.452223e-08  1.970508e-08
-2.062794e-08  5.567963e-12  -1.775647e-08  4.717786e-09  -5.621251e-08  1.789243e-08
-1.125148e-08  -1.253966e-09  -1.915115e-08  4.743199e-09  -4.710997e-08  1.613535e-08
-3.868097e-09  -2.217103e-09  -2.052429e-08  4.641243e-09  -3.792388e-08  1.479003e-08
1.917669e-09  -2.996949e-09  -2.216700e-08  4.479624e-09  -2.912599e-08  1.391966e-08
5.647246e-09  -3.685643e-09  -2.271553e-08  4.591735e-09  -2.093894e-08  1.350064e-08
7.785331e-09  -4.311119e-09  -2.242257e-08  4.771587e-09  -1.350412e-08  1.333385e-08
2.706609e-09  -2.436511e-09  -1.067627e-08  4.427166e-09  -7.353579e-09  1.306158e-08
-2.500641e-09  -2.601698e-10  3.431285e-10  2.959435e-09  -5.380775e-09  1.104544e-08
1.562240e-07  -2.757355e-09  8.446005e-08  -3.664455e-09  7.633975e-08  -1.734669e-08
1.167793e-07  -4.029568e-09  6.031971e-08  -2.457855e-09  7.156868e-08  -1.961331e-08
2.771714e-08  -1.647965e-09  1.951724e-08  1.365382e-09  6.452223e-08  -1.970508e-08
-1.333985e-08  -4.847105e-10  -4.091287e-09  3.798514e-09  5.621251e-08  -1.789243e-08
-5.828960e-09  -1.670128e-09  -8.983921e-09  3.962894e-09  4.710997e-08  -1.613535e-08
5.451268e-10  -2.591034e-09  -1.224950e-08  3.940123e-09  3.792388e-08  -1.479003e-08
6.235079e-09  -3.367359e-09  -1.407186e-08  3.785106e-09  2.912599e-08  -1.391966e-08
9.792824e-09  -4.100601e-09  -1.494257e-08  3.813689e-09  2.093894e-08  -1.350064e-08
1.168872e-08  -4.775984e-09  -1.510372e-08  3.899964e-09  1.350412e-08  -1.333385e-08
4.603182e-09  -2.767820e-09  -7.120200e-09  3.805962e-09  7.353579e-09  -1.306158e-08
-2.485275e-09  -2.652192e-10  3.719395e-10  2.949967e-09  5.380775e-09  -1.104544e-08
4.899691e-07  5.767544e-09  -8.872645e-08  -3.458109e-09  2.719557e-07  -2.385333e-08
4.145778e-07  -4.494250e-09  -8.456986e-08  2.312017e-10  2.359405e-07  -2.901162e-08
1.776249e-07  -1.011871e-08  -1.576662e-08  3.402547e-09  1.851479e-07  -2.801897e-08
4.648748e-08  -8.995459e-09  5.698495e-09  5.041443e-09  1.366595e-07  -2.259310e-08
4.397416e-08  -7.971312e-09  -1.236452e-08  5.473243e-09  9.746668e-08  -1.816228e-08
4.096354e-08  -6.786774e-09  -2.114998e-08  5.238277e-09  6.820326e-08  -1.521686e-08
4.005874e-08  -5.603675e-09  -2.551245e-08  4.670218e-09  4.690059e-08  -1.352106e-08
3.797192e-08  -5.005007e-09  -2.672997e-08  4.402254e-09  3.127146e-08  -1.281752e-08
3.537862e-08  -4.603526e-09  -2.632901e-08  4.239685e-09  1.955041e-08  -1.270566e-08
1.803308e-08  -6.449923e-09  -1.328453e-08  5.499400e-09  1.096078e-08  -1.264750e-08
2.210222e-09  -6.398218e-09  -1.084467e-09  5.327978e-09  7.475832e-09  -1.020519e-08
1.011057e-07  1.564414e-08  -1.543349e-07  -1.140747e-08  6.275900e-08  -5.504614e-09
1.251142e-07  5.223886e-09  -1.575074e-07  -2.563365e-09  5.444780e-08  -6.694989e-09
1.363686e-07  -1.130066e-08  -1.144878e-07  9.307543e-09  4.272643e-08  -6.465917e-09
1.116020e-07  -1.524294e-08  -7.514114e-08  1.198767e-08  3.153680e-08  -5.213792e-09
8.623810e-08  -1.191410e-08  -6.309459e-08  9.859078e-09  2.249231e-08  -4.191295e-09
6.892031e-08  -9.136019e-09  -5.386416e-08  7.897706e-09  1.573921e-08  -3.511582e-09
5.808047e-08  -6.721172e-09  -4.796549e-08  6.086698e-09  1.082321e-08  -3.120244e-09
5.011642e-08  -5.348462e-09  -4.296794e-08  5.080570e-09  7.216488e-09  -2.957889e-09
4.404870e-08  -4.347009e-09  -3.870905e-08  4.359240e-09  4.511631e-09  -2.932075e-09
2.301440e-08  -7.654190e-09  -2.005058e-08  6.983239e-09  2.529410e-09  -2.918653e-09
4.489701e-09  -8.584533e-09  -3.375106e-09  7.517686e-09  1.725192e-09  -2.355043e-09
5.083185e-08  5.460254e-09  -3.186538e-08  -1.069620e-08  -2.323383e-08  5.279430e-09
4.634198e-08  1.570255e-09  -3.860894e-08  -4.495667e-09  -2.178177e-08  5.969268e-09
3.469133e-08  -4.323560e-09  -5.516944e-08  6.750710e-09  -1.963720e-08  5.997198e-09
2.826181e-08  -6.475140e-09  -5.935813e-08  1.070821e-08  -1.710815e-08  5.445524e-09
2.787204e-08  -5.979694e-09  -5.285215e-08  9.052765e-09  -1.433782e-08  4.910758e-09
2.744955e-08  -5.403378e-09  -4.742872e-08  7.453587e-09  -1.154205e-08  4.501313e-09
2.716883e-08  -4.783822e-09  -4.310075e-08  5.896088e-09  -8.864430e-09  4.236417e-09
2.635285e-08  -4.562103e-09  -3.927555e-08  5.053237e-09  -6.372722e-09  4.108892e-09
2.514381e-08  -4.466255e-09  -3.587766e-08  4.461858e-09  -4.109949e-09  4.058128e-09
1.241934e-08  -5.025307e-09  -1.849243e-08  6.684653e-09  -2.238046e-09  3.975264e-09
6.979654e-10  -4.278148e-09  -2.840112e-09  6.972364e-09  -1.637627e-09  3.361655e-09
1.273508e-07  -2.529012e-09  3.176184e-08  -3.457328e-10  5.979066e-08  -1.631033e-08
9.485962e-08  -3.573621e-09  2.391617e-08  -6.815470e-11  5.627764e-08  -1.821029e-08
2.513630e-08  -1.703545e-09  1.513914e-08  5.814405e-10  5.134358e-08  -1.836201e-08
-7.467687e-09  -7.665764e-10  7.575386e-09  1.542407e-09  4.552572e-08  -1.695780e-08
-2.556984e-09  -1.759781e-09  2.108912e-09  2.223384e-09  3.889448e-08  -1.555605e-08
1.957765e-09  -2.591737e-09  -2.138615e-09  2.734684e-09  3.187819e-08  -1.445068e-08
6.259062e-09  -3.342570e-09  -5.268370e-09  3.133707e-09  2.482840e-08  -1.370420e-08
9.020287e-09  -4.063875e-09  -7.274848e-09  3.542760e-09  1.796849e-08  -1.330330e-08
1.050757e-08  -4.724536e-09  -8.368106e-09  3.931266e-09  1.150520e-08  -1.307848e-08
3.984162e-09  -2.420511e-09  -3.279464e-09  2.559499e-09  6.046120e-09  -1.273002e-08
-2.483989e-09  2.928802e-10  1.686457e-09  8.414065e-10  4.495243e-09  -1.091112e-08
2.155060e-07  5.794420e-09  -8.753400e-08  3.338515e-10  1.328077e-07  -1.989241e-08
1.782792e-07  -5.122138e-10  -6.915995e-08  1.923188e-09  1.218444e-07  -2.319580e-08
8.755197e-08  -6.605936e-09  -4.260642e-09  1.399483e-09  1.050623e-07  -2.300424e-08
3.803987e-08  -7.685474e-09  1.988816e-08  1.631372e-09  8.633881e-08  -1.992866e-08
3.619074e-08  -6.955531e-09  5.370629e-09  2.775162e-09  6.809103e-08  -1.714426e-08
3.467079e-08  -6.121974e-09  -4.408596e-09  3.393542e-09  5.184867e-08  -1.513506e-08
3.426727e-08  -5.263753e-09  -1.117101e-08  3.705005e-09  3.806461e-08  -1.391053e-08
3.300748e-08  -4.901509e-09  -1.483401e-08  4.057686e-09  2.656308e-08  -1.338449e-08
3.122390e-08  -4.699204e-09  -1.644935e-08  4.408426e-09  1.701250e-08  -1.327852e-08
1.565751e-08  -5.828604e-09  -7.576648e-09  3.956772e-09  9.536349e-09  -1.313488e-08
1.344892e-09  -5.307973e-09  1.120605e-09  2.666127e-09  6.733947e-09  -1.083137e-08
5.664145e-08  1.332686e-08  -9.661812e-08  -6.409532e-09  5.468552e-08  -8.190992e-09
6.504381e-08  5.384790e-09  -8.616635e-08  -1.363881e-09  5.017123e-08  -9.551210e-09
8.391550e-08  -8.650423e-09  -5.174034e-08  5.313972e-09  4.326095e-08  -9.472335e-09
8.284796e-08  -1.304753e-08  -3.285718e-08  7.426800e-09  3.555127e-08  -8.205918e-09
6.930173e-08  -1.060989e-08  -3.287348e-08  6.756852e-09  2.803748e-08  -7.059400e-09
5.897424e-08  -8.412895e-09  -3.233633e-08  5.953052e-09  2.134945e-08  -6.232082e-09
5.158562e-08  -6.383884e-09  -3.197303e-08  5.088637e-09  1.567366e-08  -5.727866e-09
4.568780e-08  -5.244587e-09  -3.080775e-08  4.697001e-09  1.093774e-08  -5.511261e-09
4.088974e-08  -4.421124e-09  -2.916770e-08  4.463605e-09  7.005148e-09  -5.467626e-09
2.127434e-08  -7.299482e-09  -1.467044e-08  5.670715e-09  3.926731e-09  -5.408479e-09
3.813214e-09  -7.966388e-09  -1.358155e-09  5.327827e-09  2.772802e-09  -4.459976e-09
3.205600e-08  6.693483e-09  -2.591151e-08  -8.679689e-09  -6.643408e-09  1.812258e-09
3.315709e-08  2.449819e-09  -3.092877e-08  -3.551037e-09  -6.253071e-09  2.023365e-09
3.541487e-08  -4.750989e-09  -4.245957e-08  5.637529e-09  -5.704843e-09  2.040222e-09
3.528618e-08  -7.432746e-09  -4.598661e-08  9.013085e-09  -5.058414e-09  1.884200e-09
3.335393e-08  -6.659966e-09  -4.228188e-08  7.833501e-09  -4.321608e-09  1.728450e-09
3.166366e-08  -5.849421e-09  -3.907004e-08  6.647958e-09  -3.542023e-09  1.605631e-09
3.028165e-08  -5.019221e-09  -3.639738e-08  5.461591e-09  -2.758710e-09  1.522690e-09
2.869760e-08  -4.654423e-09  -3.381087e-08  4.859962e-09  -1.996498e-09  1.478145e-09
2.697068e-08  -4.442037e-09  -3.132417e-08  4.459554e-09  -1.278356e-09  1.453164e-09
1.348997e-08  -5.320654e-09  -1.594472e-08  6.030246e-09  -6.717911e-10  1.414447e-09
1.170511e-09  -4.785403e-09  -1.995522e-09  5.928943e-09  -4.994714e-10  1.212346e-09
